
 1.033333 1.067778
 1.066667 1.137778
 1.100000 1.210000
 1.133333 1.284444
 1.166667 1.361111
 1.200000 1.440000
 1.233333 1.521111
 1.266667 1.604444
 1.300000 1.690000
 1.333333 1.777778
 1.366667 1.867778
 1.400000 1.960000
 1.433333 2.054444
 1.466667 2.151111
 1.500000 2.250000
 1.533333 2.351111
 1.566667 2.454445
 1.600000 2.560000
 1.633333 2.667778
 1.666667 2.777778
 1.700000 2.890000
 1.733333 3.004445
 1.766667 3.121111
 1.800000 3.240000
 1.833333 3.361111
 1.866667 3.484444
 1.900000 3.610000
 1.933333 3.737777
 1.966667 3.867778
 2.000000 4.000000